# data/ber-modem/ber_psk16.dat : auto-generated file
# invoked as: ./src/simulate_ber -m psk -p 4 -cnone -knone -b1e-4 -e 200 -n20000 -t200000000 -s-9 -d1.0 -x60 -o data/ber-modem/ber_psk16.dat 
#
#  modulation scheme   :   psk
#  modulation depth    :   4 bits/symbol
#  fec (inner)         :   none
#  fec (outer)         :   none
#  frame length        :   256 bytes
#  asymptotic rate     :   4.00000000   bits/second/Hz
#  min packet errors   :   0
#  min bit errors      :   200
#  min packet trials   :   0
#  min bit trials      :   20000
#  max packet trials   :   18446744073709551615
#  max bit trials      :   200000000
#
#     SNR [dB]   Eb/N0 [dB]          BER          PER     bit errs         bits  packet errs      packets
   -9.00000000  -1.5021e+01   4.2427e-01   1.0000e+00         8689        20480           10           10
   -8.00000000  -1.4021e+01   4.1724e-01   1.0000e+00         8545        20480           10           10
   -7.00000000  -1.3021e+01   4.1689e-01   1.0000e+00         8538        20480           10           10
   -6.00000000  -1.2021e+01   4.0195e-01   1.0000e+00         8232        20480           10           10
   -5.00000000  -1.1021e+01   3.9448e-01   1.0000e+00         8079        20480           10           10
   -4.00000000  -1.0021e+01   3.8169e-01   1.0000e+00         7817        20480           10           10
   -3.00000000  -9.0206e+00   3.6113e-01   1.0000e+00         7396        20480           10           10
   -2.00000000  -8.0206e+00   3.4253e-01   1.0000e+00         7015        20480           10           10
   -1.00000000  -7.0206e+00   3.3086e-01   1.0000e+00         6776        20480           10           10
    0.00000000  -6.0206e+00   3.0713e-01   1.0000e+00         6290        20480           10           10
    1.00000000  -5.0206e+00   2.8481e-01   1.0000e+00         5833        20480           10           10
    2.00000000  -4.0206e+00   2.6997e-01   1.0000e+00         5529        20480           10           10
    3.00000000  -3.0206e+00   2.4092e-01   1.0000e+00         4934        20480           10           10
    4.00000000  -2.0206e+00   2.1626e-01   1.0000e+00         4429        20480           10           10
    5.00000000  -1.0206e+00   1.9683e-01   1.0000e+00         4031        20480           10           10
    6.00000000  -2.0600e-02   1.7539e-01   1.0000e+00         3592        20480           10           10
    7.00000000   9.7940e-01   1.5503e-01   1.0000e+00         3175        20480           10           10
    8.00000000   1.9794e+00   1.3008e-01   1.0000e+00         2664        20480           10           10
    9.00000000   2.9794e+00   1.1660e-01   1.0000e+00         2388        20480           10           10
   10.00000000   3.9794e+00   9.6387e-02   1.0000e+00         1974        20480           10           10
   11.00000000   4.9794e+00   8.4766e-02   1.0000e+00         1736        20480           10           10
   12.00000000   5.9794e+00   6.9971e-02   1.0000e+00         1433        20480           10           10
   13.00000000   6.9794e+00   5.5371e-02   1.0000e+00         1134        20480           10           10
   14.00000000   7.9794e+00   4.2236e-02   1.0000e+00          865        20480           10           10
   15.00000000   8.9794e+00   2.9785e-02   1.0000e+00          610        20480           10           10
   16.00000000   9.9794e+00   1.9385e-02   1.0000e+00          397        20480           10           10
   17.00000000   1.0979e+01   1.2402e-02   1.0000e+00          254        20480           10           10
   18.00000000   1.1979e+01   6.5755e-03   1.0000e+00          202        30720           15           15
   19.00000000   1.2979e+01   3.3691e-03   1.0000e+00          207        61440           30           30
   20.00000000   1.3979e+01   1.5335e-03   9.5312e-01          201       131072           61           64
   21.00000000   1.4979e+01   4.4389e-04   6.0000e-01          200       450560          132          220
   22.00000000   1.5979e+01   1.3215e-04   2.4087e-01          200      1513472          178          739
   23.00000000   1.6979e+01   2.5652e-05   5.2535e-02          200      7796736          200         3807
